Suncycle timetable for the year 2018

Date 		Sunrise   Sunset
2018 1 1	7.129167  15.079167
2018 1 2	7.129167  15.095833
2018 1 3	7.129167  15.112500
2018 1 4	7.120833  15.129167
2018 1 5	7.120833  15.145833
2018 1 6	7.112500  15.170833
2018 1 7	7.112500  15.187500
2018 1 8	7.104167  15.212500
2018 1 9	7.095833  15.229167
2018 1 10	7.087500  15.254167
2018 1 11	7.079167  15.279167
2018 1 12	7.070833  15.304167
2018 1 13	7.062500  15.329167
2018 1 14	7.054167  15.354167
2018 1 15	7.037500  15.379167
2018 1 16	7.029167  15.404167
2018 1 17	7.012500  15.429167
2018 1 18	7.004167  15.454167
2018 1 19	6.987500  15.479167
2018 1 20	6.970833  15.504167
2018 1 21	6.954167  15.537500
2018 1 22	6.937500  15.562500
2018 1 23	6.920833  15.587500
2018 1 24	6.904167  15.620833
2018 1 25	6.879167  15.645833
2018 1 26	6.862500  15.679167
2018 1 27	6.845833  15.704167
2018 1 28	6.820833  15.737500
2018 1 29	6.804167  15.762500
2018 1 30	6.779167  15.795833
2018 1 31	6.754167  15.820833
2018 2 1	6.729167  15.854167
2018 2 2	6.712500  15.879167
2018 2 3	6.687500  15.912500
2018 2 4	6.662500  15.937500
2018 2 5	6.637500  15.970833
2018 2 6	6.612500  15.995833
2018 2 7	6.587500  16.029167
2018 2 8	6.554167  16.062500
2018 2 9	6.529167  16.087500
2018 2 10	6.504167  16.120833
2018 2 11	6.470833  16.145833
2018 2 12	6.445833  16.179167
2018 2 13	6.420833  16.204167
2018 2 14	6.387500  16.237500
2018 2 15	6.354167  16.270833
2018 2 16	6.329167  16.295833
2018 2 17	6.295833  16.329167
2018 2 18	6.270833  16.354167
2018 2 19	6.237500  16.387500
2018 2 20	6.204167  16.412500
2018 2 21	6.170833  16.445833
2018 2 22	6.145833  16.470833
2018 2 23	6.112500  16.504167
2018 2 24	6.079167  16.529167
2018 2 25	6.045833  16.562500
2018 2 26	6.012500  16.587500
2018 2 27	5.979167  16.620833
2018 2 28	5.945833  16.645833
2018 3 1	5.912500  16.670833
2018 3 2	5.879167  16.704167
2018 3 3	5.845833  16.729167
2018 3 4	5.812500  16.754167
2018 3 5	5.770833  16.787500
2018 3 6	5.737500  16.812500
2018 3 7	5.704167  16.837500
2018 3 8	5.670833  16.870833
2018 3 9	5.637500  16.895833
2018 3 10	5.595833  16.920833
2018 3 11	5.562500  16.954167
2018 3 12	5.529167  16.979167
2018 3 13	5.495833  17.004167
2018 3 14	5.454167  17.029167
2018 3 15	5.420833  17.062500
2018 3 16	5.387500  17.087500
2018 3 17	5.345833  17.112500
2018 3 18	5.312500  17.137500
2018 3 19	5.279167  17.170833
2018 3 20	5.237500  17.195833
2018 3 21	5.204167  17.220833
2018 3 22	5.170833  17.245833
2018 3 23	5.129167  17.270833
2018 3 24	5.095833  17.295833
2018 3 25	5.062500  17.329167
2018 3 26	5.020833  17.354167
2018 3 27	4.987500  17.379167
2018 3 28	4.954167  17.404167
2018 3 29	4.912500  17.429167
2018 3 30	4.879167  17.454167
2018 3 31	4.845833  17.479167
2018 4 1	4.804167  17.512500
2018 4 2	4.770833  17.537500
2018 4 3	4.737500  17.562500
2018 4 4	4.695833  17.587500
2018 4 5	4.662500  17.612500
2018 4 6	4.629167  17.637500
2018 4 7	4.587500  17.662500
2018 4 8	4.554167  17.687500
2018 4 9	4.520833  17.712500
2018 4 10	4.487500  17.737500
2018 4 11	4.454167  17.762500
2018 4 12	4.412500  17.795833
2018 4 13	4.379167  17.820833
2018 4 14	4.345833  17.845833
2018 4 15	4.312500  17.870833
2018 4 16	4.279167  17.895833
2018 4 17	4.245833  17.920833
2018 4 18	4.212500  17.945833
2018 4 19	4.179167  17.970833
2018 4 20	4.145833  17.995833
2018 4 21	4.112500  18.020833
2018 4 22	4.079167  18.045833
2018 4 23	4.045833  18.070833
2018 4 24	4.012500  18.095833
2018 4 25	3.979167  18.120833
2018 4 26	3.945833  18.145833
2018 4 27	3.920833  18.170833
2018 4 28	3.887500  18.195833
2018 4 29	3.854167  18.220833
2018 4 30	3.820833  18.245833
2018 5 1	3.795833  18.270833
2018 5 2	3.762500  18.295833
2018 5 3	3.737500  18.320833
2018 5 4	3.704167  18.345833
2018 5 5	3.679167  18.370833
2018 5 6	3.645833  18.395833
2018 5 7	3.620833  18.420833
2018 5 8	3.595833  18.445833
2018 5 9	3.570833  18.470833
2018 5 10	3.537500  18.487500
2018 5 11	3.512500  18.512500
2018 5 12	3.487500  18.537500
2018 5 13	3.462500  18.562500
2018 5 14	3.437500  18.587500
2018 5 15	3.420833  18.604167
2018 5 16	3.395833  18.629167
2018 5 17	3.370833  18.654167
2018 5 18	3.345833  18.670833
2018 5 19	3.329167  18.695833
2018 5 20	3.304167  18.712500
2018 5 21	3.287500  18.737500
2018 5 22	3.262500  18.754167
2018 5 23	3.245833  18.779167
2018 5 24	3.229167  18.795833
2018 5 25	3.212500  18.820833
2018 5 26	3.195833  18.837500
2018 5 27	3.179167  18.854167
2018 5 28	3.162500  18.879167
2018 5 29	3.145833  18.895833
2018 5 30	3.129167  18.912500
2018 5 31	3.120833  18.929167
2018 6 1	3.104167  18.945833
2018 6 2	3.087500  18.962500
2018 6 3	3.079167  18.979167
2018 6 4	3.070833  18.995833
2018 6 5	3.062500  19.004167
2018 6 6	3.045833  19.020833
2018 6 7	3.037500  19.037500
2018 6 8	3.037500  19.045833
2018 6 9	3.029167  19.062500
2018 6 10	3.020833  19.070833
2018 6 11	3.012500  19.079167
2018 6 12	3.012500  19.095833
2018 6 13	3.004167  19.104167
2018 6 14	3.004167  19.112500
2018 6 15	3.004167  19.120833
2018 6 16	3.004167  19.129167
2018 6 17	2.995833  19.137500
2018 6 18	3.004167  19.137500
2018 6 19	3.004167  19.145833
2018 6 20	3.004167  19.154167
2018 6 21	3.004167  19.154167
2018 6 22	3.012500  19.154167
2018 6 23	3.012500  19.162500
2018 6 24	3.020833  19.162500
2018 6 25	3.020833  19.162500
2018 6 26	3.029167  19.162500
2018 6 27	3.037500  19.162500
2018 6 28	3.045833  19.162500
2018 6 29	3.054167  19.162500
2018 6 30	3.062500  19.154167
2018 7 1	3.070833  19.154167
2018 7 2	3.087500  19.145833
2018 7 3	3.095833  19.145833
2018 7 4	3.104167  19.137500
2018 7 5	3.120833  19.129167
2018 7 6	3.129167  19.120833
2018 7 7	3.145833  19.112500
2018 7 8	3.162500  19.104167
2018 7 9	3.179167  19.095833
2018 7 10	3.187500  19.087500
2018 7 11	3.204167  19.079167
2018 7 12	3.220833  19.062500
2018 7 13	3.237500  19.054167
2018 7 14	3.262500  19.037500
2018 7 15	3.279167  19.029167
2018 7 16	3.295833  19.012500
2018 7 17	3.312500  18.995833
2018 7 18	3.337500  18.979167
2018 7 19	3.354167  18.962500
2018 7 20	3.370833  18.945833
2018 7 21	3.395833  18.929167
2018 7 22	3.412500  18.912500
2018 7 23	3.437500  18.887500
2018 7 24	3.454167  18.870833
2018 7 25	3.479167  18.845833
2018 7 26	3.504167  18.829167
2018 7 27	3.520833  18.804167
2018 7 28	3.545833  18.787500
2018 7 29	3.570833  18.762500
2018 7 30	3.587500  18.737500
2018 7 31	3.612500  18.712500
2018 8 1	3.637500  18.687500
2018 8 2	3.662500  18.670833
2018 8 3	3.687500  18.645833
2018 8 4	3.712500  18.612500
2018 8 5	3.729167  18.587500
2018 8 6	3.754167  18.562500
2018 8 7	3.779167  18.537500
2018 8 8	3.804167  18.512500
2018 8 9	3.829167  18.479167
2018 8 10	3.854167  18.454167
2018 8 11	3.879167  18.420833
2018 8 12	3.904167  18.395833
2018 8 13	3.929167  18.362500
2018 8 14	3.954167  18.337500
2018 8 15	3.979167  18.304167
2018 8 16	4.004167  18.279167
2018 8 17	4.029167  18.245833
2018 8 18	4.054167  18.212500
2018 8 19	4.079167  18.179167
2018 8 20	4.104167  18.145833
2018 8 21	4.129167  18.120833
2018 8 22	4.154167  18.087500
2018 8 23	4.179167  18.054167
2018 8 24	4.204167  18.020833
2018 8 25	4.229167  17.987500
2018 8 26	4.254167  17.954167
2018 8 27	4.279167  17.920833
2018 8 28	4.304167  17.887500
2018 8 29	4.329167  17.854167
2018 8 30	4.354167  17.820833
2018 8 31	4.379167  17.779167
2018 9 1	4.404167  17.745833
2018 9 2	4.429167  17.712500
2018 9 3	4.454167  17.679167
2018 9 4	4.479167  17.645833
2018 9 5	4.504167  17.604167
2018 9 6	4.529167  17.570833
2018 9 7	4.554167  17.537500
2018 9 8	4.579167  17.504167
2018 9 9	4.604167  17.462500
2018 9 10	4.629167  17.429167
2018 9 11	4.654167  17.395833
2018 9 12	4.679167  17.354167
2018 9 13	4.704167  17.320833
2018 9 14	4.729167  17.287500
2018 9 15	4.754167  17.245833
2018 9 16	4.779167  17.212500
2018 9 17	4.804167  17.170833
2018 9 18	4.829167  17.137500
2018 9 19	4.854167  17.104167
2018 9 20	4.879167  17.062500
2018 9 21	4.904167  17.029167
2018 9 22	4.929167  16.987500
2018 9 23	4.954167  16.954167
2018 9 24	4.979167  16.920833
2018 9 25	5.004167  16.879167
2018 9 26	5.029167  16.845833
2018 9 27	5.054167  16.804167
2018 9 28	5.079167  16.770833
2018 9 29	5.104167  16.737500
2018 9 30	5.129167  16.695833
2018 10 1	5.154167  16.662500
2018 10 2	5.179167  16.620833
2018 10 3	5.204167  16.587500
2018 10 4	5.229167  16.554167
2018 10 5	5.254167  16.512500
2018 10 6	5.279167  16.479167
2018 10 7	5.304167  16.445833
2018 10 8	5.329167  16.404167
2018 10 9	5.354167  16.370833
2018 10 10	5.379167  16.337500
2018 10 11	5.412500  16.304167
2018 10 12	5.437500  16.262500
2018 10 13	5.462500  16.229167
2018 10 14	5.487500  16.195833
2018 10 15	5.512500  16.162500
2018 10 16	5.537500  16.129167
2018 10 17	5.562500  16.095833
2018 10 18	5.595833  16.054167
2018 10 19	5.620833  16.020833
2018 10 20	5.645833  15.987500
2018 10 21	5.670833  15.954167
2018 10 22	5.695833  15.920833
2018 10 23	5.729167  15.887500
2018 10 24	5.754167  15.854167
2018 10 25	5.779167  15.829167
2018 10 26	5.804167  15.795833
2018 10 27	5.837500  15.762500
2018 10 28	5.862500  15.729167
2018 10 29	5.887500  15.704167
2018 10 30	5.920833  15.670833
2018 10 31	5.945833  15.637500
2018 11 1	5.970833  15.612500
2018 11 2	5.995833  15.579167
2018 11 3	6.029167  15.554167
2018 11 4	6.054167  15.520833
2018 11 5	6.079167  15.495833
2018 11 6	6.112500  15.470833
2018 11 7	6.137500  15.437500
2018 11 8	6.162500  15.412500
2018 11 9	6.187500  15.387500
2018 11 10	6.220833  15.362500
2018 11 11	6.245833  15.337500
2018 11 12	6.270833  15.312500
2018 11 13	6.295833  15.287500
2018 11 14	6.329167  15.262500
2018 11 15	6.354167  15.237500
2018 11 16	6.379167  15.220833
2018 11 17	6.404167  15.195833
2018 11 18	6.437500  15.179167
2018 11 19	6.462500  15.154167
2018 11 20	6.487500  15.137500
2018 11 21	6.512500  15.120833
2018 11 22	6.537500  15.104167
2018 11 23	6.562500  15.079167
2018 11 24	6.587500  15.062500
2018 11 25	6.612500  15.045833
2018 11 26	6.637500  15.037500
2018 11 27	6.662500  15.020833
2018 11 28	6.687500  15.004167
2018 11 29	6.704167  14.995833
2018 11 30	6.729167  14.979167
2018 12 1	6.754167  14.970833
2018 12 2	6.779167  14.962500
2018 12 3	6.795833  14.954167
2018 12 4	6.820833  14.945833
2018 12 5	6.837500  14.937500
2018 12 6	6.862500  14.929167
2018 12 7	6.879167  14.920833
2018 12 8	6.895833  14.920833
2018 12 9	6.912500  14.912500
2018 12 10	6.929167  14.912500
2018 12 11	6.945833  14.904167
2018 12 12	6.962500  14.904167
2018 12 13	6.979167  14.904167
2018 12 14	6.995833  14.904167
2018 12 15	7.012500  14.904167
2018 12 16	7.020833  14.912500
2018 12 17	7.037500  14.912500
2018 12 18	7.045833  14.920833
2018 12 19	7.062500  14.920833
2018 12 20	7.070833  14.929167
2018 12 21	7.079167  14.937500
2018 12 22	7.087500  14.945833
2018 12 23	7.095833  14.954167
2018 12 24	7.104167  14.962500
2018 12 25	7.112500  14.970833
2018 12 26	7.112500  14.987500
2018 12 27	7.120833  14.995833
2018 12 28	7.120833  15.012500
2018 12 29	7.129167  15.020833
2018 12 30	7.129167  15.037500
2018 12 31	7.129167  15.054167
